{
  "advancedEditorSelectedIdentifier" : "ProjectBrowser",
  "openSceneRelativePaths" : [
    "Scene.usda"
  ],
  "recentIdentifiers" : {

  },
  "sceneCameraHistory" : {
    "FFC58350-29AE-427E-B132-68A0AF6B14CD" : [
      {
        "date" : 785703406.342546,
        "title" : "Untitled",
        "transform" : [
          -0.8804705,
          1.4790933e-08,
          -0.47410104,
          0,
          -0.20252723,
          0.9041658,
          0.3761208,
          0,
          0.42866597,
          0.42718172,
          -0.7960913,
          0,
          11.087341,
          3.0366,
          -18.02573,
          1
        ]
      },
      {
        "date" : 785703387.499754,
        "title" : "Untitled",
        "transform" : [
          0.9632783,
          8.990349e-09,
          -0.2685049,
          0,
          -0.13308227,
          0.868527,
          -0.47744098,
          0,
          0.23320374,
          0.4956419,
          0.83663315,
          0,
          5.9745655,
          3.7432728,
          20.091433,
          1
        ]
      },
      {
        "date" : 785703378.097783,
        "title" : "Untitled",
        "transform" : [
          0.9632783,
          8.990349e-09,
          -0.2685049,
          0,
          -0.13308227,
          0.868527,
          -0.47744098,
          0,
          0.23320374,
          0.4956419,
          0.83663315,
          0,
          5.0515223,
          3.821619,
          20.302309,
          1
        ]
      },
      {
        "date" : 785703277.102111,
        "title" : "Untitled",
        "transform" : [
          0.9632783,
          8.990349e-09,
          -0.2685049,
          0,
          -0.13308227,
          0.868527,
          -0.47744098,
          0,
          0.23320374,
          0.4956419,
          0.83663315,
          0,
          4.3223357,
          0.118496895,
          16.678278,
          1
        ]
      },
      {
        "date" : 785703274.185452,
        "title" : "Untitled",
        "transform" : [
          0.9632783,
          8.990349e-09,
          -0.2685049,
          0,
          -0.13308227,
          0.868527,
          -0.47744098,
          0,
          0.23320374,
          0.4956419,
          0.83663315,
          0,
          1.8217791,
          3.2469642,
          15.521904,
          1
        ]
      },
      {
        "date" : 785703223.443803,
        "title" : "Untitled",
        "transform" : [
          0.9632783,
          8.990349e-09,
          -0.2685049,
          0,
          -0.13308229,
          0.8685271,
          -0.47744104,
          0,
          0.23320377,
          0.49564195,
          0.83663327,
          0,
          2.423067,
          5.9689198,
          20.64499,
          1
        ]
      },
      {
        "date" : 785703216.099275,
        "title" : "Untitled",
        "transform" : [
          0.99315333,
          8.8698355e-09,
          0.11681778,
          0,
          0.05514402,
          0.88157094,
          -0.46881974,
          0,
          -0.10298318,
          0.47205177,
          0.87553513,
          0,
          -7.0053177,
          10.598744,
          25.888615,
          1
        ]
      },
      {
        "date" : 785703125.911116,
        "title" : "Untitled",
        "transform" : [
          0.99315333,
          8.8698355e-09,
          0.11681778,
          0,
          0.05514402,
          0.88157094,
          -0.46881974,
          0,
          -0.10298318,
          0.47205177,
          0.87553513,
          0,
          -2.8548973,
          1.3570013,
          10.550462,
          1
        ]
      },
      {
        "date" : 785703057.947252,
        "title" : "Untitled",
        "transform" : [
          0.93846154,
          8.40712e-09,
          0.34538364,
          0,
          0.13797136,
          0.91674507,
          -0.37488985,
          0,
          -0.31662878,
          0.39947283,
          0.86033005,
          0,
          -5.4032187,
          0.46503544,
          10.040556,
          1
        ]
      }
    ]
  },
  "sceneViewportBackgroundColors" : {

  }
}