{
  "advancedEditorSelectedIdentifier" : "ProjectBrowser",
  "openSceneRelativePaths" : [
    "Scene.usda"
  ],
  "recentIdentifiers" : {
    "C1009CE8-AFA6-45B7-BEDF-722E7CD78D78" : [

    ],
    "F0A05C26-1A81-4D70-8108-DFC9BEE2B70B" : [

    ],
    "FFC58350-29AE-427E-B132-68A0AF6B14CD" : [

    ]
  },
  "sceneCameraHistory" : {
    "C1009CE8-AFA6-45B7-BEDF-722E7CD78D78" : [
      {
        "date" : 785439382.109646,
        "title" : "Untitled",
        "transform" : [
          1,
          0,
          0,
          0,
          0,
          0.7071069,
          -0.70710677,
          0,
          0,
          0.70710677,
          0.7071069,
          0,
          -0.7593418,
          12.442109,
          17.748411,
          1
        ]
      },
      {
        "date" : 785439339.485054,
        "title" : "Untitled",
        "transform" : [
          1,
          0,
          0,
          0,
          0,
          0.7071069,
          -0.70710677,
          0,
          0,
          0.70710677,
          0.7071069,
          0,
          -0.091964364,
          1.5074651,
          2.1501155,
          1
        ]
      }
    ],
    "F0A05C26-1A81-4D70-8108-DFC9BEE2B70B" : [
      {
        "date" : 785446526.288918,
        "title" : "Untitled",
        "transform" : [
          0.07375858,
          5.6735963e-08,
          -0.9972762,
          0,
          -0.49968293,
          0.8654196,
          -0.036956444,
          0,
          0.8630623,
          0.50104785,
          0.06383211,
          0,
          12.976575,
          0.6749983,
          -3.718316,
          1
        ]
      },
      {
        "date" : 785446519.492491,
        "title" : "Untitled",
        "transform" : [
          0.9870939,
          5.6735963e-08,
          -0.16014236,
          0,
          -0.08023907,
          0.8654196,
          -0.4945811,
          0,
          0.1385903,
          0.5010478,
          0.8542504,
          0,
          5.7807894,
          0.3104148,
          12.491091,
          1
        ]
      },
      {
        "date" : 785446481.758833,
        "title" : "Untitled",
        "transform" : [
          0.9870939,
          5.6735963e-08,
          -0.16014236,
          0,
          -0.08023907,
          0.8654196,
          -0.4945811,
          0,
          0.1385903,
          0.5010478,
          0.8542504,
          0,
          3.298908,
          4.944525,
          10.175674,
          1
        ]
      },
      {
        "date" : 785442354.235099,
        "title" : "Untitled",
        "transform" : [
          0.9870939,
          5.6735963e-08,
          -0.16014236,
          0,
          -0.08023907,
          0.8654196,
          -0.4945811,
          0,
          0.1385903,
          0.5010478,
          0.8542504,
          0,
          3.4053886,
          4.1558285,
          10.620997,
          1
        ]
      },
      {
        "date" : 785442328.849571,
        "title" : "Untitled",
        "transform" : [
          0.46057287,
          5.6735963e-08,
          0.8876219,
          0,
          0.44474083,
          0.8654196,
          -0.23076907,
          0,
          -0.76816535,
          0.5010478,
          0.39858875,
          0,
          -8.408396,
          6.142146,
          5.245173,
          1
        ]
      },
      {
        "date" : 785442216.439656,
        "title" : "Untitled",
        "transform" : [
          0.46057287,
          5.6735963e-08,
          0.8876219,
          0,
          0.44474083,
          0.8654196,
          -0.23076907,
          0,
          -0.76816535,
          0.5010478,
          0.39858875,
          0,
          -11.42671,
          5.590596,
          0.121566296,
          1
        ]
      },
      {
        "date" : 785442215.096392,
        "title" : "Untitled",
        "transform" : [
          0.46057287,
          5.6735963e-08,
          0.8876219,
          0,
          0.44474083,
          0.8654196,
          -0.23076907,
          0,
          -0.76816535,
          0.5010478,
          0.39858875,
          0,
          -11.434177,
          5.999154,
          -0.40640378,
          1
        ]
      },
      {
        "date" : 785442212.122836,
        "title" : "Untitled",
        "transform" : [
          0.8634817,
          5.6735963e-08,
          0.5043802,
          0,
          0.25271845,
          0.8654196,
          -0.43264553,
          0,
          -0.43650055,
          0.5010478,
          0.7472739,
          0,
          -4.5613656,
          6.1335187,
          5.19744,
          1
        ]
      },
      {
        "date" : 785442207.530038,
        "title" : "Untitled",
        "transform" : [
          -0.16478476,
          5.6735963e-08,
          0.98632956,
          0,
          0.4941981,
          0.8654196,
          0.082564965,
          0,
          -0.8535889,
          0.5010478,
          -0.14260805,
          0,
          -7.964774,
          7.54041,
          -2.9724069,
          1
        ]
      },
      {
        "date" : 785442191.648383,
        "title" : "Untitled",
        "transform" : [
          0.7947216,
          5.6735963e-08,
          0.606974,
          0,
          0.30412287,
          0.8654196,
          -0.39819345,
          0,
          -0.52528733,
          0.5010478,
          0.6877677,
          0,
          -9.218522,
          10.942348,
          8.19853,
          1
        ]
      }
    ],
    "FFC58350-29AE-427E-B132-68A0AF6B14CD" : [
      {
        "date" : 785962249.265016,
        "title" : "Untitled",
        "transform" : [
          0.14472206,
          1.161812e-08,
          -0.98947227,
          0,
          0.7605369,
          0.6396951,
          0.11123754,
          0,
          0.6329606,
          -0.7686288,
          0.09257825,
          0,
          29.258718,
          -31.823595,
          4.62582,
          1
        ]
      },
      {
        "date" : 785962243.17647,
        "title" : "Untitled",
        "transform" : [
          0.70357054,
          1.161812e-08,
          -0.71062535,
          0,
          0.5462071,
          0.63969505,
          0.54078454,
          0,
          0.4545834,
          -0.76862866,
          0.45007083,
          0,
          11.460379,
          -19.186329,
          15.70532,
          1
        ]
      },
      {
        "date" : 785962238.949523,
        "title" : "Untitled",
        "transform" : [
          -0.3296398,
          -1.3141233e-10,
          -0.94410676,
          0,
          0.11581117,
          0.99244785,
          -0.04043611,
          0,
          0.9369768,
          -0.12266738,
          -0.32715008,
          0,
          17.921558,
          -2.1211905,
          -6.247222,
          1
        ]
      },
      {
        "date" : 785962232.111889,
        "title" : "Untitled",
        "transform" : [
          0.4082187,
          -1.3141233e-10,
          -0.9128841,
          0,
          0.1119812,
          0.99244785,
          0.05007512,
          0,
          0.90598977,
          -0.12266738,
          0.405136,
          0,
          18.811205,
          -2.1201878,
          11.3828535,
          1
        ]
      },
      {
        "date" : 785962135.23889,
        "title" : "Untitled",
        "transform" : [
          0.4784802,
          1.0959873e-09,
          -0.8780984,
          0,
          -0.013255628,
          0.9998861,
          -0.00722305,
          0,
          0.8779983,
          0.015095867,
          0.4784258,
          0,
          17.93555,
          0.90307456,
          12.861822,
          1
        ]
      },
      {
        "date" : 785962127.224878,
        "title" : "Untitled",
        "transform" : [
          0.99204147,
          1.0959874e-09,
          0.12591176,
          0,
          0.0019007362,
          0.99988604,
          -0.014975689,
          0,
          -0.12589754,
          0.015095868,
          0.99192846,
          0,
          -5.9981384,
          0.994187,
          23.545307,
          1
        ]
      },
      {
        "date" : 785962121.270666,
        "title" : "Untitled",
        "transform" : [
          0.19176728,
          1.0959874e-09,
          0.98144037,
          0,
          0.014815656,
          0.99988604,
          -0.0028948924,
          0,
          -0.9813286,
          0.015095868,
          0.19174536,
          0,
          -28.869978,
          1.4850969,
          5.9489083,
          1
        ]
      },
      {
        "date" : 785962112.330412,
        "title" : "Untitled",
        "transform" : [
          0.19176728,
          1.0959874e-09,
          0.98144037,
          0,
          0.014815656,
          0.99988604,
          -0.0028948924,
          0,
          -0.9813286,
          0.015095868,
          0.19174536,
          0,
          -28.141413,
          0.9061496,
          9.723197,
          1
        ]
      },
      {
        "date" : 785961786.593014,
        "title" : "Untitled",
        "transform" : [
          0.19176728,
          1.0959874e-09,
          0.98144037,
          0,
          0.014815656,
          0.99988604,
          -0.0028948924,
          0,
          -0.9813286,
          0.015095868,
          0.19174536,
          0,
          -20.792906,
          1.8467368,
          6.76262,
          1
        ]
      },
      {
        "date" : 785961782.407735,
        "title" : "Untitled",
        "transform" : [
          0.19176728,
          1.0959874e-09,
          0.98144037,
          0,
          0.014815656,
          0.99988604,
          -0.0028948924,
          0,
          -0.9813286,
          0.015095868,
          0.19174536,
          0,
          -20.382381,
          1.6811419,
          6.6879687,
          1
        ]
      }
    ]
  },
  "sceneViewportBackgroundColors" : {

  },
  "selectedSceneRelativePath" : "Scene.usda"
}