{
  "advancedEditorSelectedIdentifier" : "ProjectBrowser",
  "openSceneRelativePaths" : [
    "Scene.usda"
  ],
  "recentIdentifiers" : {
    "C1009CE8-AFA6-45B7-BEDF-722E7CD78D78" : [

    ],
    "F0A05C26-1A81-4D70-8108-DFC9BEE2B70B" : [

    ],
    "FFC58350-29AE-427E-B132-68A0AF6B14CD" : [

    ]
  },
  "sceneCameraHistory" : {
    "C1009CE8-AFA6-45B7-BEDF-722E7CD78D78" : [
      {
        "date" : 785439382.109646,
        "title" : "Untitled",
        "transform" : [
          1,
          0,
          0,
          0,
          0,
          0.7071069,
          -0.70710677,
          0,
          0,
          0.70710677,
          0.7071069,
          0,
          -0.7593418,
          12.442109,
          17.748411,
          1
        ]
      },
      {
        "date" : 785439339.485054,
        "title" : "Untitled",
        "transform" : [
          1,
          0,
          0,
          0,
          0,
          0.7071069,
          -0.70710677,
          0,
          0,
          0.70710677,
          0.7071069,
          0,
          -0.091964364,
          1.5074651,
          2.1501155,
          1
        ]
      }
    ],
    "F0A05C26-1A81-4D70-8108-DFC9BEE2B70B" : [
      {
        "date" : 785446526.288918,
        "title" : "Untitled",
        "transform" : [
          0.07375858,
          5.6735963e-08,
          -0.9972762,
          0,
          -0.49968293,
          0.8654196,
          -0.036956444,
          0,
          0.8630623,
          0.50104785,
          0.06383211,
          0,
          12.976575,
          0.6749983,
          -3.718316,
          1
        ]
      },
      {
        "date" : 785446519.492491,
        "title" : "Untitled",
        "transform" : [
          0.9870939,
          5.6735963e-08,
          -0.16014236,
          0,
          -0.08023907,
          0.8654196,
          -0.4945811,
          0,
          0.1385903,
          0.5010478,
          0.8542504,
          0,
          5.7807894,
          0.3104148,
          12.491091,
          1
        ]
      },
      {
        "date" : 785446481.758833,
        "title" : "Untitled",
        "transform" : [
          0.9870939,
          5.6735963e-08,
          -0.16014236,
          0,
          -0.08023907,
          0.8654196,
          -0.4945811,
          0,
          0.1385903,
          0.5010478,
          0.8542504,
          0,
          3.298908,
          4.944525,
          10.175674,
          1
        ]
      },
      {
        "date" : 785442354.235099,
        "title" : "Untitled",
        "transform" : [
          0.9870939,
          5.6735963e-08,
          -0.16014236,
          0,
          -0.08023907,
          0.8654196,
          -0.4945811,
          0,
          0.1385903,
          0.5010478,
          0.8542504,
          0,
          3.4053886,
          4.1558285,
          10.620997,
          1
        ]
      },
      {
        "date" : 785442328.849571,
        "title" : "Untitled",
        "transform" : [
          0.46057287,
          5.6735963e-08,
          0.8876219,
          0,
          0.44474083,
          0.8654196,
          -0.23076907,
          0,
          -0.76816535,
          0.5010478,
          0.39858875,
          0,
          -8.408396,
          6.142146,
          5.245173,
          1
        ]
      },
      {
        "date" : 785442216.439656,
        "title" : "Untitled",
        "transform" : [
          0.46057287,
          5.6735963e-08,
          0.8876219,
          0,
          0.44474083,
          0.8654196,
          -0.23076907,
          0,
          -0.76816535,
          0.5010478,
          0.39858875,
          0,
          -11.42671,
          5.590596,
          0.121566296,
          1
        ]
      },
      {
        "date" : 785442215.096392,
        "title" : "Untitled",
        "transform" : [
          0.46057287,
          5.6735963e-08,
          0.8876219,
          0,
          0.44474083,
          0.8654196,
          -0.23076907,
          0,
          -0.76816535,
          0.5010478,
          0.39858875,
          0,
          -11.434177,
          5.999154,
          -0.40640378,
          1
        ]
      },
      {
        "date" : 785442212.122836,
        "title" : "Untitled",
        "transform" : [
          0.8634817,
          5.6735963e-08,
          0.5043802,
          0,
          0.25271845,
          0.8654196,
          -0.43264553,
          0,
          -0.43650055,
          0.5010478,
          0.7472739,
          0,
          -4.5613656,
          6.1335187,
          5.19744,
          1
        ]
      },
      {
        "date" : 785442207.530038,
        "title" : "Untitled",
        "transform" : [
          -0.16478476,
          5.6735963e-08,
          0.98632956,
          0,
          0.4941981,
          0.8654196,
          0.082564965,
          0,
          -0.8535889,
          0.5010478,
          -0.14260805,
          0,
          -7.964774,
          7.54041,
          -2.9724069,
          1
        ]
      },
      {
        "date" : 785442191.648383,
        "title" : "Untitled",
        "transform" : [
          0.7947216,
          5.6735963e-08,
          0.606974,
          0,
          0.30412287,
          0.8654196,
          -0.39819345,
          0,
          -0.52528733,
          0.5010478,
          0.6877677,
          0,
          -9.218522,
          10.942348,
          8.19853,
          1
        ]
      }
    ],
    "FFC58350-29AE-427E-B132-68A0AF6B14CD" : [
      {
        "date" : 785438825.470742,
        "title" : "Untitled",
        "transform" : [
          0.08877321,
          8.66196e-13,
          -0.99605185,
          0,
          -0.25196117,
          0.9674767,
          -0.022456046,
          0,
          0.963657,
          0.25295994,
          0.08588604,
          0,
          9.226186,
          3.2158644,
          -3.1437185,
          1
        ]
      },
      {
        "date" : 785438810.708673,
        "title" : "Untitled",
        "transform" : [
          -0.18909031,
          0,
          -0.9819597,
          0,
          -0.69435036,
          0.7071068,
          0.13370705,
          0,
          0.6943505,
          0.7071067,
          -0.13370706,
          0,
          5.2085648,
          7.2772527,
          -5.025903,
          1
        ]
      },
      {
        "date" : 785438808.942157,
        "title" : "Untitled",
        "transform" : [
          1,
          0,
          0,
          0,
          0,
          0.7071069,
          -0.70710677,
          0,
          0,
          0.70710677,
          0.7071069,
          0,
          3.9503455,
          7.277253,
          6.0649505,
          1
        ]
      }
    ]
  },
  "sceneViewportBackgroundColors" : {

  },
  "selectedSceneRelativePath" : "Scene.usda"
}