{
  "advancedEditorSelectedIdentifier" : "ProjectBrowser",
  "openSceneRelativePaths" : [
    "Scene.usda"
  ],
  "recentIdentifiers" : {
    "11F0B830-48B9-4C5D-BE49-390C7DA60F0E" : [

    ],
    "FFC58350-29AE-427E-B132-68A0AF6B14CD" : [

    ]
  },
  "sceneCameraHistory" : {
    "11F0B830-48B9-4C5D-BE49-390C7DA60F0E" : [
      {
        "date" : 785274644.312923,
        "title" : "Untitled",
        "transform" : [
          0.99973094,
          -1.0455853e-08,
          0.023192937,
          0,
          0.0013770673,
          0.9982359,
          -0.0593583,
          0,
          -0.023151964,
          0.059374277,
          0.99796724,
          0,
          -0.5360545,
          2.9109664,
          9.101806,
          1
        ]
      },
      {
        "date" : 785271483.129626,
        "title" : "Untitled",
        "transform" : [
          0.87237525,
          -1.0396368e-08,
          -0.4888368,
          0,
          -0.01473127,
          0.9995459,
          -0.026289344,
          0,
          0.48861486,
          0.030135365,
          0.87197906,
          0,
          4.2105565,
          2.6430619,
          8.178595,
          1
        ]
      },
      {
        "date" : 785271466.625669,
        "title" : "Untitled",
        "transform" : [
          0.5611327,
          -4.4862167e-09,
          -0.82772595,
          0,
          -0.20737366,
          0.96810776,
          -0.14058293,
          0,
          0.8013279,
          0.25053424,
          0.54323685,
          0,
          6.7544837,
          4.6114945,
          4.9714217,
          1
        ]
      },
      {
        "date" : 785271458.604359,
        "title" : "Untitled",
        "transform" : [
          0.7244184,
          -8.884685e-09,
          -0.68936056,
          0,
          0.014445815,
          0.9997804,
          0.0151804555,
          0,
          0.68920916,
          -0.020955378,
          0.72425944,
          0,
          4.0087953,
          2.3786597,
          5.4061127,
          1
        ]
      },
      {
        "date" : 785271379.10449,
        "title" : "Untitled",
        "transform" : [
          0.8019575,
          -8.190098e-09,
          -0.597381,
          0,
          -0.008890482,
          0.9998892,
          -0.011935089,
          0,
          0.5973148,
          0.014882441,
          0.80186874,
          0,
          1.7565186,
          1.4024217,
          3.0962226,
          1
        ]
      },
      {
        "date" : 785271375.956456,
        "title" : "Untitled",
        "transform" : [
          0.89758885,
          -8.1919165e-09,
          -0.4408335,
          0,
          0.0046514957,
          0.9999443,
          0.009470976,
          0,
          0.44080895,
          -0.0105515765,
          0.8975389,
          0,
          1.1765866,
          1.3121333,
          3.3959813,
          1
        ]
      },
      {
        "date" : 785271369.567787,
        "title" : "Untitled",
        "transform" : [
          0.60856676,
          -8.531551e-09,
          -0.7935026,
          0,
          -0.02507026,
          0.99950075,
          -0.019227326,
          0,
          0.7931065,
          0.03159443,
          0.60826296,
          0,
          2.515575,
          1.4612722,
          2.485016,
          1
        ]
      },
      {
        "date" : 785271356.673015,
        "title" : "Untitled",
        "transform" : [
          0.60856676,
          -8.531551e-09,
          -0.7935026,
          0,
          -0.02507026,
          0.99950075,
          -0.019227326,
          0,
          0.7931065,
          0.03159443,
          0.60826296,
          0,
          1.4016482,
          0.7331138,
          1.624263,
          1
        ]
      },
      {
        "date" : 785271234.794143,
        "title" : "Untitled",
        "transform" : [
          0.60856676,
          -7.691783e-09,
          -0.79350257,
          0,
          -0.025070261,
          0.9995008,
          -0.01922732,
          0,
          0.79310644,
          0.031594414,
          0.6082631,
          0,
          2.899074,
          0.8049105,
          1.4041969,
          1
        ]
      },
      {
        "date" : 785271220.160507,
        "title" : "Untitled",
        "transform" : [
          0.9735964,
          -7.8358395e-09,
          0.22827643,
          0,
          -0.007305524,
          0.99948776,
          0.031158008,
          0,
          -0.2281595,
          -0.032003004,
          0.97309756,
          0,
          -0.09754577,
          0.6027362,
          3.2636595,
          1
        ]
      }
    ],
    "FFC58350-29AE-427E-B132-68A0AF6B14CD" : [
      {
        "date" : 785868800.14702,
        "title" : "Untitled",
        "transform" : [
          0.99987817,
          1.8021069e-08,
          0.015610687,
          0,
          0.003647768,
          0.9723154,
          -0.23364396,
          0,
          -0.015178467,
          0.23367243,
          0.9721969,
          0,
          -2.7301018,
          4.1576157,
          18.104296,
          1
        ]
      },
      {
        "date" : 785868795.791531,
        "title" : "Untitled",
        "transform" : [
          0.99985284,
          1.8021067e-08,
          0.017151617,
          0,
          0.004007841,
          0.9723154,
          -0.23363806,
          0,
          -0.016676739,
          0.23367243,
          0.9721723,
          0,
          -2.2833366,
          7.637144,
          24.985893,
          1
        ]
      },
      {
        "date" : 785868696.84006,
        "title" : "Untitled",
        "transform" : [
          0.98421115,
          1.7931905e-08,
          -0.17699818,
          0,
          -0.00969725,
          0.9984981,
          -0.053922147,
          0,
          0.17673239,
          0.05478716,
          0.98273295,
          0,
          2.5247223,
          2.497652,
          26.100288,
          1
        ]
      },
      {
        "date" : 785868673.310223,
        "title" : "Untitled",
        "transform" : [
          0.98422194,
          1.7931905e-08,
          -0.17693812,
          0,
          -0.009693959,
          0.9984981,
          -0.05392274,
          0,
          0.17667241,
          0.05478716,
          0.98274374,
          0,
          2.0872345,
          1.9906737,
          22.57602,
          1
        ]
      },
      {
        "date" : 785868665.571307,
        "title" : "Untitled",
        "transform" : [
          0.7794782,
          2.4734717e-08,
          0.6264294,
          0,
          0.44311085,
          0.7068538,
          -0.55137146,
          0,
          -0.44279394,
          0.7073597,
          0.5509772,
          0,
          -19.597214,
          53.1144,
          28.948854,
          1
        ]
      },
      {
        "date" : 785868658.413695,
        "title" : "Untitled",
        "transform" : [
          0.8798469,
          2.0470567e-09,
          0.4752572,
          0,
          0.1278335,
          0.9631465,
          -0.23665906,
          0,
          -0.45774227,
          0.2689776,
          0.84742147,
          0,
          -41.057224,
          38.77088,
          81.17922,
          1
        ]
      },
      {
        "date" : 785868614.083895,
        "title" : "Untitled",
        "transform" : [
          0.964193,
          9.826402e-10,
          0.26520148,
          0,
          0.085471556,
          0.9466413,
          -0.31074902,
          0,
          -0.25105062,
          0.3222893,
          0.91274494,
          0,
          -7.4904423,
          4.879656,
          17.243177,
          1
        ]
      },
      {
        "date" : 785868545.342756,
        "title" : "Untitled",
        "transform" : [
          0.964193,
          9.826402e-10,
          0.26520148,
          0,
          0.085471556,
          0.9466413,
          -0.31074902,
          0,
          -0.25105062,
          0.3222893,
          0.91274494,
          0,
          -7.520632,
          5.000418,
          17.192234,
          1
        ]
      },
      {
        "date" : 785868532.932118,
        "title" : "Untitled",
        "transform" : [
          0.9455203,
          1.6685942e-09,
          0.32556316,
          0,
          0.09650366,
          0.9550575,
          -0.28027183,
          0,
          -0.31093156,
          0.29642075,
          0.9030262,
          0,
          -12.752854,
          12.796634,
          32.127876,
          1
        ]
      },
      {
        "date" : 785868528.561006,
        "title" : "Untitled",
        "transform" : [
          0.9455203,
          1.6685942e-09,
          0.32556316,
          0,
          0.09650366,
          0.9550575,
          -0.28027183,
          0,
          -0.31093156,
          0.29642075,
          0.9030262,
          0,
          -20.980658,
          29.539602,
          62.3536,
          1
        ]
      }
    ]
  },
  "sceneViewportBackgroundColors" : {

  }
}