{
  "advancedEditorSelectedIdentifier" : "ProjectBrowser",
  "openSceneRelativePaths" : [
    "Scene.usda"
  ],
  "recentIdentifiers" : {

  },
  "sceneCameraHistory" : {
    "FFC58350-29AE-427E-B132-68A0AF6B14CD" : [
      {
        "date" : 785783230.603769,
        "title" : "Untitled",
        "transform" : [
          0.6259949,
          -5.0583164e-09,
          0.77982706,
          0,
          -0.07335146,
          0.9955664,
          0.058881976,
          0,
          -0.7763697,
          -0.09406137,
          0.62321955,
          0,
          -23.823025,
          -0.80581474,
          19.986912,
          1
        ]
      },
      {
        "date" : 785706365.237916,
        "title" : "Untitled",
        "transform" : [
          0.9004995,
          -4.185358e-09,
          0.43485716,
          0,
          -0.04310512,
          0.995075,
          0.08926208,
          0,
          -0.4327155,
          -0.09912512,
          0.8960644,
          0,
          -11.368839,
          -1.4492393,
          24.904593,
          1
        ]
      },
      {
        "date" : 785706338.077408,
        "title" : "Untitled",
        "transform" : [
          0.9384313,
          -4.855498e-09,
          0.3454659,
          0,
          -0.060293507,
          0.9846521,
          0.163783,
          0,
          -0.34016377,
          -0.17452854,
          0.9240283,
          0,
          -8.96561,
          -3.5414615,
          26.068901,
          1
        ]
      },
      {
        "date" : 785706316.116928,
        "title" : "Untitled",
        "transform" : [
          0.87046146,
          -4.81647e-09,
          0.49223647,
          0,
          -0.064240225,
          0.9914474,
          0.113601424,
          0,
          -0.4880267,
          -0.13050717,
          0.8630168,
          0,
          -15.814054,
          -2.1351392,
          22.641314,
          1
        ]
      },
      {
        "date" : 785706306.992527,
        "title" : "Untitled",
        "transform" : [
          0.9697319,
          -4.6832356e-09,
          0.24417175,
          0,
          -0.02654429,
          0.99407333,
          0.10542159,
          0,
          -0.24272478,
          -0.10871218,
          0.96398467,
          0,
          -9.237278,
          -1.5323303,
          25.953205,
          1
        ]
      },
      {
        "date" : 785705620.476611,
        "title" : "Untitled",
        "transform" : [
          0.9697319,
          -4.6832356e-09,
          0.24417175,
          0,
          -0.02654429,
          0.99407333,
          0.10542159,
          0,
          -0.24272478,
          -0.10871218,
          0.96398467,
          0,
          -7.497041,
          -2.1856146,
          21.063808,
          1
        ]
      },
      {
        "date" : 785705614.66892,
        "title" : "Untitled",
        "transform" : [
          0.9791519,
          -5.1416853e-09,
          0.20312904,
          0,
          -0.0070127035,
          0.9994039,
          0.033804283,
          0,
          -0.2030081,
          -0.034524146,
          0.97856826,
          0,
          -6.548599,
          -0.53909874,
          21.095654,
          1
        ]
      },
      {
        "date" : 785705604.072849,
        "title" : "Untitled",
        "transform" : [
          0.7337407,
          -4.5276636e-09,
          0.67942953,
          0,
          0.035120983,
          0.9986631,
          -0.03792824,
          0,
          -0.67852134,
          0.05169159,
          0.73275965,
          0,
          -16.182001,
          1.3381733,
          14.345064,
          1
        ]
      },
      {
        "date" : 785705413.560976,
        "title" : "Untitled",
        "transform" : [
          0.7337407,
          -4.5276636e-09,
          0.67942953,
          0,
          0.035120983,
          0.9986631,
          -0.03792824,
          0,
          -0.67852134,
          0.05169159,
          0.73275965,
          0,
          -16.274168,
          0.28699923,
          15.665918,
          1
        ]
      },
      {
        "date" : 785705408.515125,
        "title" : "Untitled",
        "transform" : [
          0.8638717,
          -1.2633759e-08,
          0.50371194,
          0,
          0.19829902,
          0.9192495,
          -0.34008482,
          0,
          -0.4630372,
          0.3936751,
          0.7941136,
          0,
          -5.4899077,
          1.3780441,
          7.883875,
          1
        ]
      }
    ]
  },
  "sceneViewportBackgroundColors" : {

  },
  "selectedSceneRelativePath" : "Scene.usda"
}